$ 1 0.000005 23.47059216675035 58 5 50 5e-11
c 400 192 464 192 0 8.200000000000001e-7 -0.0023304589929256103 0.001
r 160 272 240 272 0 33000
w 352 272 368 272 0
w 368 304 368 352 0
R 144 272 144 320 0 2 1 0.5 0.5 0 0.5
w 240 272 240 192 0
w 240 192 400 192 0
w 512 288 576 288 0
w 464 192 560 192 0
w 576 288 592 288 0
r 256 272 368 272 0 33000
c 336 288 336 368 0 1e-8 0.977090086721176 0.001
w 256 272 240 272 0
w 560 192 592 192 0
w 592 192 592 288 0
w 592 288 656 288 0
w 368 368 368 352 0
a 368 288 512 288 9 150 -150 1000000 0.9770803159180169 0.977090086721176 100000
w 336 288 352 272 0
w 368 368 592 368 0
w 592 368 592 288 0
g 336 368 336 400 0 0
w 656 288 688 288 0
w 144 272 160 272 0
o 22 64 0 12290 1.7052271999496482 0.0001 0 1
