$ 1 0.000005 1.3241202019156522 50 5 43 5e-11
r 560 336 592 336 0 2200
r 688 272 848 272 0 10000
r 896 352 944 352 0 1000
c 688 208 848 208 0 1.0000000000000001e-7 0.000010000081498948102 0.001
c 1120 240 976 240 0 0.000001 1.0000081603852302 0.001
w 592 336 688 336 0
a 688 352 848 352 8 12 -12 1000000 9.999981499133112e-11 0 100000
a 976 368 1120 368 8 12 -12 1000000 -0.000009999981604036263 0 100000
w 688 272 688 336 0
w 688 368 688 416 0
w 848 352 896 352 2
w 944 352 976 352 0
w 976 384 944 384 0
w 944 384 944 416 0
w 848 352 848 272 0
w 976 240 976 352 0
w 1120 240 1120 368 0
g 688 416 688 432 0 0
g 944 416 944 432 0 0
w 688 208 688 272 0
w 848 208 848 272 0
w 560 336 512 336 0
w 1184 368 1120 368 0
368 1184 368 1184 400 0 0
w 208 320 176 320 2
w 176 192 176 320 0
w 32 192 32 304 0
w 0 304 32 304 0
a 32 320 176 320 8 12 -12 1000000 3.606936689132014e-12 0 100000
r -48 304 0 304 0 510
r 32 192 176 192 0 100
w -224 -32 -320 -32 0
g -320 48 -320 80 0 0
r -320 -32 -320 48 0 100000
r -416 -32 -320 -32 0 100000
w -256 -64 -256 -128 0
w -240 -64 -256 -64 0
w -224 -64 -240 -64 0
w -352 -128 -320 -128 0
r -256 -128 -112 -128 0 100000
r -320 -128 -256 -128 0 100000
a -224 -48 -112 -48 8 12 -12 1000000 0.4999999999816044 0.4999999999999999 100000
w -352 -128 -352 -208 0
w -352 -208 1200 -208 0
w -112 -128 -112 -48 0
R -416 -32 -512 -32 4 5 10 1 0 0 0.9
w -48 304 -80 304 0
w -80 304 -96 304 0
a 32 -32 176 -32 8 12 -12 1000000 1.8395122653849814e-11 0 100000
r 32 -48 -112 -48 0 330
c 32 -112 176 -112 0 1.0000000000000001e-7 0.0000018395306605076355 0.001
r 32 -16 32 80 0 330
g 32 80 32 128 0 0
a 32 480 176 480 8 12 -12 1000000 2.8804240379404095e-23 0 100000
c -64 464 32 464 0 1.0000000000000001e-7 0.0000018395561610573878 0.001
a 368 336 512 336 8 12 -12 1000000 -2.2001179295839033e-11 0 100000
r 368 224 512 224 0 470
r 176 -32 288 -32 0 470
r 208 320 288 320 0 470
r 176 480 288 480 0 470
g 368 352 368 416 0 0
w 288 -32 288 320 0
r 32 400 176 400 0 10000
w 176 400 176 480 0
r -80 336 32 336 0 510
r 32 -176 176 -176 0 330
w 288 480 288 320 0
r -64 464 -160 464 0 1000
r 32 496 -80 496 0 1000
w -112 -48 -112 160 0
w -112 160 -112 304 0
w -112 304 -96 304 0
w -160 464 -160 304 0
w -160 304 -112 304 0
g -80 336 -80 368 0 0
g -80 496 -80 544 0 0
w 32 400 32 464 0
w 368 224 368 320 0
w 288 320 368 320 0
w 512 224 512 336 0
w 32 -48 32 -112 0
w 176 -112 176 -32 0
w 176 -176 176 -112 0
w 32 -176 32 -112 0
w 1200 -192 1184 368 0
w 1200 -208 1200 -192 0
o 45 4 0 4098 1.25 0.0001953125 0 2 45 3
o 23 4 0 4098 1.25 3.2 1 2 23 3
